[S]_0	Time	[Q]	[F]	[Theta_n]
0.5	0	0	0	0
0.5	0.1	0.0237906	0.00200774	0.0779901
0.5	0.2	0.0453173	0.00751936	0.148558
0.5	0.3	0.0647954	0.0158498	0.212411
0.5	0.4	0.08242	0.0264126	0.270188
0.5	0.5	0.0983673	0.0387076	0.322466
0.5	0.6	0.112797	0.0523093	0.369769
0.5	0.7	0.125854	0.0668577	0.412571
0.5	0.8	0.137668	0.0820495	0.4513
0.5	0.9	0.148358	0.0976304	0.486343
0.5	1	0.15803	0.113389	0.518052
0.5	1.1	0.166782	0.12915	0.546743
0.5	1.2	0.174701	0.144771	0.572703
0.5	1.3	0.181867	0.160135	0.596193
0.5	1.4	0.188351	0.175149	0.617448
0.5	1.5	0.194217	0.189742	0.63668
0.5	1.6	0.199526	0.203858	0.654082
0.5	1.7	0.204329	0.217454	0.669828
0.5	1.8	0.208675	0.230503	0.684076
0.5	1.9	0.212608	0.242985	0.696967
0.5	2	0.216166	0.25489	0.708632
0.5	2.1	0.219386	0.266214	0.719187
0.5	2.2	0.222299	0.276961	0.728737
0.5	2.3	0.224935	0.287138	0.737379
0.5	2.4	0.227321	0.296756	0.745198
0.5	2.5	0.229479	0.305829	0.752273
0.5	2.6	0.231432	0.314374	0.758675
0.5	2.7	0.233199	0.322408	0.764468
0.5	2.8	0.234797	0.329953	0.769709
0.5	2.9	0.236244	0.337028	0.774452
0.5	3	0.237553	0.343655	0.778743
0.5	3.1	0.238738	0.349854	0.782626
0.5	3.2	0.239809	0.355647	0.786139
0.5	3.3	0.240779	0.361055	0.789318
0.5	3.4	0.241657	0.3661	0.792195
0.5	3.5	0.242451	0.3708	0.794798
0.5	3.6	0.243169	0.375177	0.797153
0.5	3.7	0.243819	0.379249	0.799284
0.5	3.8	0.244407	0.383034	0.801212
0.5	3.9	0.24494	0.38655	0.802956
0.5	4	0.245421	0.389814	0.804535
0.5	4.1	0.245857	0.392843	0.805964
0.5	4.2	0.246251	0.395651	0.807256
0.5	4.3	0.246608	0.398253	0.808426
0.5	4.4	0.246931	0.400662	0.809484
0.5	4.5	0.247223	0.402893	0.810441
0.5	4.6	0.247487	0.404957	0.811308
0.5	4.7	0.247726	0.406865	0.812092
0.5	4.8	0.247943	0.408629	0.812801
0.5	4.9	0.248138	0.410259	0.813443
0.5	5	0.248316	0.411764	0.814024
0.5	5.1	0.248476	0.413153	0.814549
0.5	5.2	0.248621	0.414435	0.815025
0.5	5.3	0.248752	0.415617	0.815455
0.5	5.4	0.248871	0.416708	0.815844
0.5	5.5	0.248978	0.417713	0.816196
0.5	5.6	0.249076	0.418639	0.816515
0.5	5.7	0.249164	0.419492	0.816803
0.5	5.8	0.249243	0.420277	0.817064
0.5	5.9	0.249315	0.421	0.817301
0.5	6	0.24938	0.421666	0.817514
0.5	6.1	0.249439	0.422278	0.817708
0.5	6.2	0.249493	0.422842	0.817883
0.5	6.3	0.249541	0.423359	0.818041
0.5	6.4	0.249585	0.423836	0.818184
0.5	6.5	0.249624	0.424273	0.818314
0.5	6.6	0.24966	0.424675	0.818431
0.5	6.7	0.249692	0.425045	0.818537
0.5	6.8	0.249722	0.425384	0.818633
0.5	6.9	0.249748	0.425695	0.81872
0.5	7	0.249772	0.425981	0.818798
0.5	7.1	0.249794	0.426244	0.81887
0.5	7.2	0.249813	0.426485	0.818934
0.5	7.3	0.249831	0.426706	0.818992
0.5	7.4	0.249847	0.426908	0.819045
0.5	7.5	0.249862	0.427094	0.819092
0.5	7.6	0.249875	0.427265	0.819136
0.5	7.7	0.249887	0.427421	0.819175
0.5	7.8	0.249898	0.427564	0.81921
0.5	7.9	0.249907	0.427696	0.819242
0.5	8	0.249916	0.427816	0.819271
0.5	8.1	0.249924	0.427926	0.819297
0.5	8.2	0.249931	0.428027	0.819321
0.5	8.3	0.249938	0.42812	0.819342
0.5	8.4	0.249944	0.428205	0.819361
0.5	8.5	0.249949	0.428282	0.819379
0.5	8.6	0.249954	0.428353	0.819395
0.5	8.7	0.249958	0.428418	0.819409
0.5	8.8	0.249962	0.428478	0.819422
0.5	8.9	0.249966	0.428532	0.819434
0.5	9	0.249969	0.428582	0.819444
0.5	9.1	0.249972	0.428628	0.819454
0.5	9.2	0.249975	0.428669	0.819463
0.5	9.3	0.249977	0.428707	0.819471
0.5	9.4	0.249979	0.428742	0.819478
0.5	9.5	0.249981	0.428774	0.819484
0.5	9.6	0.249983	0.428803	0.81949
0.5	9.7	0.249985	0.42883	0.819495
0.5	9.8	0.249986	0.428855	0.8195
0.5	9.9	0.249987	0.428877	0.819505
0.5	10	0.249989	0.428897	0.819508
0.5	10.1	0.24999	0.428916	0.819512
0.5	10.2	0.249991	0.428933	0.819515
0.5	10.3	0.249992	0.428948	0.819518
0.5	10.4	0.249992	0.428963	0.819521
0.5	10.5	0.249993	0.428976	0.819523
0.5	10.6	0.249994	0.428988	0.819525
0.5	10.7	0.249994	0.428998	0.819527
0.5	10.8	0.249995	0.429008	0.819529
0.5	10.9	0.249995	0.429017	0.819531
0.5	11	0.249996	0.429026	0.819532
0.5	11.1	0.249996	0.429033	0.819533
0.5	11.2	0.249997	0.42904	0.819534
0.5	11.3	0.249997	0.429046	0.819536
0.5	11.4	0.249997	0.429052	0.819536
0.5	11.5	0.249997	0.429057	0.819537
0.5	11.6	0.249998	0.429062	0.819538
0.5	11.7	0.249998	0.429066	0.819539
0.5	11.8	0.249998	0.42907	0.819539
0.5	11.9	0.249998	0.429074	0.81954
0.5	12	0.249998	0.429077	0.819541
0.5	12.1	0.249999	0.42908	0.819541
0.5	12.2	0.249999	0.429083	0.819542
0.5	12.3	0.249999	0.429086	0.819542
0.5	12.4	0.249999	0.429088	0.819542
0.5	12.5	0.249999	0.42909	0.819543
0.5	12.6	0.249999	0.429092	0.819543
0.5	12.7	0.249999	0.429094	0.819543
0.5	12.8	0.249999	0.429095	0.819543
0.5	12.9	0.249999	0.429097	0.819544
0.5	13	0.249999	0.429098	0.819544
0.5	13.1	0.249999	0.429099	0.819544
0.5	13.2	0.25	0.4291	0.819544
0.5	13.3	0.25	0.429101	0.819544
0.5	13.4	0.25	0.429102	0.819544
0.5	13.5	0.25	0.429103	0.819544
0.5	13.6	0.25	0.429104	0.819545
0.5	13.7	0.25	0.429104	0.819545
0.5	13.8	0.25	0.429105	0.819545
0.5	13.9	0.25	0.429106	0.819545
0.5	14	0.25	0.429106	0.819545
0.5	14.1	0.25	0.429107	0.819545
0.5	14.2	0.25	0.429107	0.819545
0.5	14.3	0.25	0.429107	0.819545
0.5	14.4	0.25	0.429108	0.819545
0.5	14.5	0.25	0.429108	0.819545
0.5	14.6	0.25	0.429108	0.819545
0.5	14.7	0.25	0.429109	0.819545
0.5	14.8	0.25	0.429109	0.819545
0.5	14.9	0.25	0.429109	0.819545
0.5	15	0.25	0.429109	0.819545

1	0	0	0	0
1	0.1	0.0951626	0.00803098	0.0779901
1	0.2	0.181269	0.0300775	0.148558
1	0.3	0.259182	0.0633992	0.212411
1	0.4	0.32968	0.105651	0.270188
1	0.5	0.393469	0.15483	0.322466
1	0.6	0.451188	0.209237	0.369769
1	0.7	0.503415	0.267431	0.412571
1	0.8	0.550671	0.328198	0.4513
1	0.9	0.59343	0.390522	0.486343
1	1	0.632121	0.453556	0.518052
1	1.1	0.667129	0.5166	0.546743
1	1.2	0.698806	0.579082	0.572703
1	1.3	0.727468	0.640538	0.596193
1	1.4	0.753403	0.700597	0.617448
1	1.5	0.77687	0.758969	0.63668
1	1.6	0.798103	0.81543	0.654082
1	1.7	0.817316	0.869817	0.669828
1	1.8	0.834701	0.922012	0.684076
1	1.9	0.850431	0.971939	0.696967
1	2	0.864665	1.01956	0.708632
1	2.1	0.877544	1.06486	0.719187
1	2.2	0.889197	1.10785	0.728737
1	2.3	0.899741	1.14855	0.737379
1	2.4	0.909282	1.18702	0.745198
1	2.5	0.917915	1.22332	0.752273
1	2.6	0.925726	1.25749	0.758675
1	2.7	0.932794	1.28963	0.764468
1	2.8	0.93919	1.31981	0.769709
1	2.9	0.944977	1.34811	0.774452
1	3	0.950213	1.37462	0.778743
1	3.1	0.954951	1.39942	0.782626
1	3.2	0.959238	1.42259	0.786139
1	3.3	0.963117	1.44422	0.789318
1	3.4	0.966627	1.4644	0.792195
1	3.5	0.969803	1.4832	0.794798
1	3.6	0.972676	1.50071	0.797153
1	3.7	0.975276	1.51699	0.799284
1	3.8	0.977629	1.53213	0.801212
1	3.9	0.979758	1.5462	0.802956
1	4	0.981684	1.55926	0.804535
1	4.1	0.983427	1.57137	0.805964
1	4.2	0.985004	1.5826	0.807256
1	4.3	0.986431	1.59301	0.808426
1	4.4	0.987723	1.60265	0.809484
1	4.5	0.988891	1.61157	0.810441
1	4.6	0.989948	1.61983	0.811308
1	4.7	0.990905	1.62746	0.812092
1	4.8	0.99177	1.63452	0.812801
1	4.9	0.992553	1.64103	0.813443
1	5	0.993262	1.64705	0.814024
1	5.1	0.993903	1.65261	0.814549
1	5.2	0.994483	1.65774	0.815025
1	5.3	0.995008	1.66247	0.815455
1	5.4	0.995483	1.66683	0.815844
1	5.5	0.995913	1.67085	0.816196
1	5.6	0.996302	1.67455	0.816515
1	5.7	0.996654	1.67797	0.816803
1	5.8	0.996973	1.68111	0.817064
1	5.9	0.997261	1.684	0.817301
1	6	0.997521	1.68666	0.817514
1	6.1	0.997757	1.68911	0.817708
1	6.2	0.997971	1.69137	0.817883
1	6.3	0.998164	1.69344	0.818041
1	6.4	0.998339	1.69534	0.818184
1	6.5	0.998497	1.69709	0.818314
1	6.6	0.99864	1.6987	0.818431
1	6.7	0.998769	1.70018	0.818537
1	6.8	0.998886	1.70154	0.818633
1	6.9	0.998992	1.70278	0.81872
1	7	0.999088	1.70393	0.818798
1	7.1	0.999175	1.70498	0.81887
1	7.2	0.999254	1.70594	0.818934
1	7.3	0.999325	1.70682	0.818992
1	7.4	0.999389	1.70763	0.819045
1	7.5	0.999447	1.70838	0.819092
1	7.6	0.9995	1.70906	0.819136
1	7.7	0.999547	1.70968	0.819175
1	7.8	0.99959	1.71026	0.81921
1	7.9	0.999629	1.71078	0.819242
1	8	0.999665	1.71126	0.819271
1	8.1	0.999697	1.71171	0.819297
1	8.2	0.999725	1.71211	0.819321
1	8.3	0.999752	1.71248	0.819342
1	8.4	0.999775	1.71282	0.819361
1	8.5	0.999797	1.71313	0.819379
1	8.6	0.999816	1.71341	0.819395
1	8.7	0.999833	1.71367	0.819409
1	8.8	0.999849	1.71391	0.819422
1	8.9	0.999864	1.71413	0.819434
1	9	0.999877	1.71433	0.819444
1	9.1	0.999888	1.71451	0.819454
1	9.2	0.999899	1.71468	0.819463
1	9.3	0.999909	1.71483	0.819471
1	9.4	0.999917	1.71497	0.819478
1	9.5	0.999925	1.7151	0.819484
1	9.6	0.999932	1.71521	0.81949
1	9.7	0.999939	1.71532	0.819495
1	9.8	0.999945	1.71542	0.8195
1	9.9	0.99995	1.71551	0.819505
1	10	0.999955	1.71559	0.819508
1	10.1	0.999959	1.71566	0.819512
1	10.2	0.999963	1.71573	0.819515
1	10.3	0.999966	1.71579	0.819518
1	10.4	0.99997	1.71585	0.819521
1	10.5	0.999973	1.7159	0.819523
1	10.6	0.999975	1.71595	0.819525
1	10.7	0.999978	1.71599	0.819527
1	10.8	0.99998	1.71603	0.819529
1	10.9	0.999982	1.71607	0.819531
1	11	0.999983	1.7161	0.819532
1	11.1	0.999985	1.71613	0.819533
1	11.2	0.999986	1.71616	0.819534
1	11.3	0.999988	1.71619	0.819536
1	11.4	0.999989	1.71621	0.819536
1	11.5	0.99999	1.71623	0.819537
1	11.6	0.999991	1.71625	0.819538
1	11.7	0.999992	1.71627	0.819539
1	11.8	0.999992	1.71628	0.819539
1	11.9	0.999993	1.7163	0.81954
1	12	0.999994	1.71631	0.819541
1	12.1	0.999994	1.71632	0.819541
1	12.2	0.999995	1.71633	0.819542
1	12.3	0.999995	1.71634	0.819542
1	12.4	0.999996	1.71635	0.819542
1	12.5	0.999996	1.71636	0.819543
1	12.6	0.999997	1.71637	0.819543
1	12.7	0.999997	1.71637	0.819543
1	12.8	0.999997	1.71638	0.819543
1	12.9	0.999997	1.71639	0.819544
1	13	0.999998	1.71639	0.819544
1	13.1	0.999998	1.7164	0.819544
1	13.2	0.999998	1.7164	0.819544
1	13.3	0.999998	1.7164	0.819544
1	13.4	0.999998	1.71641	0.819544
1	13.5	0.999999	1.71641	0.819544
1	13.6	0.999999	1.71641	0.819545
1	13.7	0.999999	1.71642	0.819545
1	13.8	0.999999	1.71642	0.819545
1	13.9	0.999999	1.71642	0.819545
1	14	0.999999	1.71642	0.819545
1	14.1	0.999999	1.71643	0.819545
1	14.2	0.999999	1.71643	0.819545
1	14.3	0.999999	1.71643	0.819545
1	14.4	0.999999	1.71643	0.819545
1	14.5	0.999999	1.71643	0.819545
1	14.6	1	1.71643	0.819545
1	14.7	1	1.71644	0.819545
1	14.8	1	1.71644	0.819545
1	14.9	1	1.71644	0.819545
1	15	1	1.71644	0.819545

2	0	0	0	0
2	0.1	0.38065	0.0321239	0.0779901
2	0.2	0.725077	0.12031	0.148558
2	0.3	1.03673	0.253597	0.212411
2	0.4	1.31872	0.422602	0.270188
2	0.5	1.57388	0.619321	0.322466
2	0.6	1.80475	0.836949	0.369769
2	0.7	2.01366	1.06972	0.412571
2	0.8	2.20268	1.31279	0.4513
2	0.9	2.37372	1.56209	0.486343
2	1	2.52848	1.81422	0.518052
2	1.1	2.66852	2.0664	0.546743
2	1.2	2.79522	2.31633	0.572703
2	1.3	2.90987	2.56215	0.596193
2	1.4	3.01361	2.80239	0.617448
2	1.5	3.10748	3.03588	0.63668
2	1.6	3.19241	3.26172	0.654082
2	1.7	3.26927	3.47927	0.669828
2	1.8	3.3388	3.68805	0.684076
2	1.9	3.40173	3.88776	0.696967
2	2	3.45866	4.07824	0.708632
2	2.1	3.51017	4.25943	0.719187
2	2.2	3.55679	4.43138	0.728737
2	2.3	3.59896	4.59421	0.737379
2	2.4	3.63713	4.74809	0.745198
2	2.5	3.67166	4.89326	0.752273
2	2.6	3.70291	5.02998	0.758675
2	2.7	3.73118	5.15854	0.764468
2	2.8	3.75676	5.27925	0.769709
2	2.9	3.77991	5.39245	0.774452
2	3	3.80085	5.49848	0.778743
2	3.1	3.8198	5.59766	0.782626
2	3.2	3.83695	5.69035	0.786139
2	3.3	3.85247	5.77689	0.789318
2	3.4	3.86651	5.8576	0.792195
2	3.5	3.87921	5.9328	0.794798
2	3.6	3.89071	6.00283	0.797153
2	3.7	3.90111	6.06798	0.799284
2	3.8	3.91052	6.12854	0.801212
2	3.9	3.91903	6.1848	0.802956
2	4	3.92674	6.23703	0.804535
2	4.1	3.93371	6.28548	0.805964
2	4.2	3.94002	6.33041	0.807256
2	4.3	3.94573	6.37204	0.808426
2	4.4	3.95089	6.4106	0.809484
2	4.5	3.95556	6.44629	0.810441
2	4.6	3.95979	6.47931	0.811308
2	4.7	3.96362	6.50984	0.812092
2	4.8	3.96708	6.53806	0.812801
2	4.9	3.97021	6.56414	0.813443
2	5	3.97305	6.58822	0.814024
2	5.1	3.97561	6.61044	0.814549
2	5.2	3.97793	6.63096	0.815025
2	5.3	3.98003	6.64988	0.815455
2	5.4	3.98193	6.66732	0.815844
2	5.5	3.98365	6.6834	0.816196
2	5.6	3.98521	6.69822	0.816515
2	5.7	3.98662	6.71187	0.816804
2	5.8	3.98789	6.72444	0.817064
2	5.9	3.98904	6.73601	0.817301
2	6	3.99009	6.74666	0.817514
2	6.1	3.99103	6.75645	0.817708
2	6.2	3.99188	6.76546	0.817883
2	6.3	3.99266	6.77375	0.818041
2	6.4	3.99335	6.78137	0.818184
2	6.5	3.99399	6.78837	0.818314
2	6.6	3.99456	6.7948	0.818431
2	6.7	3.99508	6.80071	0.818537
2	6.8	3.99555	6.80614	0.818633
2	6.9	3.99597	6.81113	0.81872
2	7	3.99635	6.8157	0.818798
2	7.1	3.9967	6.8199	0.818869
2	7.2	3.99701	6.82375	0.818934
2	7.3	3.9973	6.82729	0.818992
2	7.4	3.99756	6.83053	0.819045
2	7.5	3.99779	6.83351	0.819092
2	7.6	3.998	6.83624	0.819136
2	7.7	3.99819	6.83874	0.819175
2	7.8	3.99836	6.84103	0.81921
2	7.9	3.99852	6.84313	0.819242
2	8	3.99866	6.84505	0.819271
2	8.1	3.99879	6.84682	0.819297
2	8.2	3.9989	6.84843	0.81932
2	8.3	3.99901	6.84992	0.819342
2	8.4	3.9991	6.85127	0.819361
2	8.5	3.99919	6.85251	0.819379
2	8.6	3.99926	6.85365	0.819395
2	8.7	3.99933	6.85469	0.819409
2	8.8	3.9994	6.85564	0.819422
2	8.9	3.99945	6.85651	0.819434
2	9	3.99951	6.85731	0.819445
2	9.1	3.99955	6.85804	0.819454
2	9.2	3.9996	6.85871	0.819463
2	9.3	3.99963	6.85932	0.819471
2	9.4	3.99967	6.85988	0.819478
2	9.5	3.9997	6.86039	0.819484
2	9.6	3.99973	6.86085	0.81949
2	9.7	3.99976	6.86128	0.819495
2	9.8	3.99978	6.86167	0.8195
2	9.9	3.9998	6.86203	0.819505
2	10	3.99982	6.86236	0.819508
2	10.1	3.99984	6.86265	0.819512
2	10.2	3.99985	6.86293	0.819515
2	10.3	3.99987	6.86318	0.819518
2	10.4	3.99988	6.8634	0.819521
2	10.5	3.99989	6.86361	0.819523
2	10.6	3.9999	6.8638	0.819525
2	10.7	3.99991	6.86397	0.819527
2	10.8	3.99992	6.86413	0.819529
2	10.9	3.99993	6.86428	0.819531
2	11	3.99993	6.86441	0.819532
2	11.1	3.99994	6.86453	0.819533
2	11.2	3.99995	6.86464	0.819534
2	11.3	3.99995	6.86474	0.819535
2	11.4	3.99996	6.86483	0.819536
2	11.5	3.99996	6.86492	0.819537
2	11.6	3.99996	6.86499	0.819538
2	11.7	3.99997	6.86506	0.819539
2	11.8	3.99997	6.86513	0.819539
2	11.9	3.99997	6.86518	0.81954
2	12	3.99998	6.86524	0.819541
2	12.1	3.99998	6.86528	0.819541
2	12.2	3.99998	6.86533	0.819541
2	12.3	3.99998	6.86537	0.819542
2	12.4	3.99998	6.86541	0.819542
2	12.5	3.99999	6.86544	0.819543
2	12.6	3.99999	6.86547	0.819543
2	12.7	3.99999	6.8655	0.819543
2	12.8	3.99999	6.86552	0.819543
2	12.9	3.99999	6.86555	0.819544
2	13	3.99999	6.86557	0.819544
2	13.1	3.99999	6.86559	0.819544
2	13.2	3.99999	6.8656	0.819544
2	13.3	3.99999	6.86562	0.819544
2	13.4	3.99999	6.86563	0.819544
2	13.5	3.99999	6.86565	0.819545
2	13.6	4	6.86566	0.819545
2	13.7	4	6.86567	0.819545
2	13.8	4	6.86568	0.819545
2	13.9	4	6.86569	0.819545
2	14	4	6.8657	0.819545
2	14.1	4	6.86571	0.819545
2	14.2	4	6.86571	0.819545
2	14.3	4	6.86572	0.819545
2	14.4	4	6.86573	0.819545
2	14.5	4	6.86573	0.819545
2	14.6	4	6.86574	0.819545
2	14.7	4	6.86574	0.819545
2	14.8	4	6.86574	0.819545
2	14.9	4	6.86575	0.819545
2	15	4	6.86575	0.819545

3	0	0	0	0
3	0.1	0.856463	0.0722788	0.0779901
3	0.2	1.63142	0.270697	0.148558
3	0.3	2.33264	0.570593	0.212411
3	0.4	2.96712	0.950855	0.270188
3	0.5	3.54122	1.39347	0.322466
3	0.6	4.0607	1.88313	0.369769
3	0.7	4.53073	2.40688	0.412571
3	0.8	4.95604	2.95378	0.4513
3	0.9	5.34087	3.5147	0.486343
3	1	5.68909	4.082	0.518052
3	1.1	6.00416	4.6494	0.546743
3	1.2	6.28925	5.21174	0.572703
3	1.3	6.54721	5.76484	0.596193
3	1.4	6.78063	6.30537	0.617448
3	1.5	6.99183	6.83072	0.63668
3	1.6	7.18293	7.33887	0.654082
3	1.7	7.35585	7.82835	0.669828
3	1.8	7.51231	8.2981	0.684076
3	1.9	7.65388	8.74745	0.696967
3	2	7.78198	9.17603	0.708632
3	2.1	7.89789	9.58372	0.719187
3	2.2	8.00277	9.97061	0.728737
3	2.3	8.09767	10.337	0.737379
3	2.4	8.18354	10.6832	0.745198
3	2.5	8.26124	11.0098	0.752273
3	2.6	8.33154	11.3174	0.758675
3	2.7	8.39515	11.6067	0.764468
3	2.8	8.45271	11.8783	0.769709
3	2.9	8.50479	12.133	0.774452
3	3	8.55192	12.3716	0.778743
3	3.1	8.59456	12.5947	0.782626
3	3.2	8.63314	12.8033	0.786139
3	3.3	8.66805	12.998	0.789318
3	3.4	8.69964	13.1796	0.792195
3	3.5	8.72822	13.3488	0.794798
3	3.6	8.75409	13.5064	0.797153
3	3.7	8.77749	13.6529	0.799284
3	3.8	8.79866	13.7892	0.801212
3	3.9	8.81782	13.9158	0.802956
3	4	8.83516	14.0333	0.804535
3	4.1	8.85085	14.1423	0.805964
3	4.2	8.86504	14.2434	0.807256
3	4.3	8.87788	14.3371	0.808426
3	4.4	8.8895	14.4238	0.809484
3	4.5	8.90002	14.5041	0.810441
3	4.6	8.90953	14.5784	0.811308
3	4.7	8.91814	14.6471	0.812092
3	4.8	8.92593	14.7106	0.812801
3	4.9	8.93298	14.7693	0.813443
3	5	8.93936	14.8235	0.814024
3	5.1	8.94513	14.8735	0.814549
3	5.2	8.95035	14.9197	0.815025
3	5.3	8.95508	14.9622	0.815455
3	5.4	8.95935	15.0015	0.815844
3	5.5	8.96322	15.0377	0.816196
3	5.6	8.96672	15.071	0.816515
3	5.7	8.96989	15.1017	0.816803
3	5.8	8.97275	15.13	0.817064
3	5.9	8.97535	15.156	0.817301
3	6	8.97769	15.18	0.817514
3	6.1	8.97981	15.202	0.817708
3	6.2	8.98174	15.2223	0.817882
3	6.3	8.98347	15.2409	0.818041
3	6.4	8.98505	15.2581	0.818184
3	6.5	8.98647	15.2738	0.818314
3	6.6	8.98776	15.2883	0.818431
3	6.7	8.98892	15.3016	0.818537
3	6.8	8.98998	15.3138	0.818633
3	6.9	8.99093	15.325	0.81872
3	7	8.99179	15.3353	0.818798
3	7.1	8.99258	15.3448	0.81887
3	7.2	8.99328	15.3535	0.818934
3	7.3	8.99392	15.3614	0.818992
3	7.4	8.9945	15.3687	0.819045
3	7.5	8.99502	15.3754	0.819092
3	7.6	8.9955	15.3815	0.819136
3	7.7	8.99593	15.3872	0.819175
3	7.8	8.99631	15.3923	0.81921
3	7.9	8.99666	15.3971	0.819242
3	8	8.99698	15.4014	0.819271
3	8.1	8.99727	15.4054	0.819297
3	8.2	8.99753	15.409	0.819321
3	8.3	8.99776	15.4123	0.819342
3	8.4	8.99798	15.4154	0.819361
3	8.5	8.99817	15.4182	0.819379
3	8.6	8.99834	15.4207	0.819395
3	8.7	8.9985	15.4231	0.819409
3	8.8	8.99864	15.4252	0.819422
3	8.9	8.99877	15.4272	0.819434
3	9	8.99889	15.4289	0.819444
3	9.1	8.99899	15.4306	0.819454
3	9.2	8.99909	15.4321	0.819463
3	9.3	8.99918	15.4335	0.819471
3	9.4	8.99926	15.4347	0.819478
3	9.5	8.99933	15.4359	0.819484
3	9.6	8.99939	15.4369	0.81949
3	9.7	8.99945	15.4379	0.819495
3	9.8	8.9995	15.4388	0.8195
3	9.9	8.99955	15.4396	0.819505
3	10	8.99959	15.4403	0.819508
3	10.1	8.99963	15.441	0.819512
3	10.2	8.99967	15.4416	0.819515
3	10.3	8.9997	15.4421	0.819518
3	10.4	8.99973	15.4427	0.819521
3	10.5	8.99975	15.4431	0.819523
3	10.6	8.99978	15.4435	0.819525
3	10.7	8.9998	15.4439	0.819527
3	10.8	8.99982	15.4443	0.819529
3	10.9	8.99983	15.4446	0.819531
3	11	8.99985	15.4449	0.819532
3	11.1	8.99986	15.4452	0.819533
3	11.2	8.99988	15.4454	0.819534
3	11.3	8.99989	15.4457	0.819535
3	11.4	8.9999	15.4459	0.819536
3	11.5	8.99991	15.4461	0.819537
3	11.6	8.99992	15.4462	0.819538
3	11.7	8.99993	15.4464	0.819539
3	11.8	8.99993	15.4465	0.819539
3	11.9	8.99994	15.4467	0.81954
3	12	8.99994	15.4468	0.819541
3	12.1	8.99995	15.4469	0.819541
3	12.2	8.99995	15.447	0.819541
3	12.3	8.99996	15.4471	0.819542
3	12.4	8.99996	15.4472	0.819542
3	12.5	8.99997	15.4472	0.819543
3	12.6	8.99997	15.4473	0.819543
3	12.7	8.99997	15.4474	0.819543
3	12.8	8.99998	15.4474	0.819543
3	12.9	8.99998	15.4475	0.819544
3	13	8.99998	15.4475	0.819544
3	13.1	8.99998	15.4476	0.819544
3	13.2	8.99998	15.4476	0.819544
3	13.3	8.99998	15.4476	0.819544
3	13.4	8.99999	15.4477	0.819544
3	13.5	8.99999	15.4477	0.819544
3	13.6	8.99999	15.4477	0.819545
3	13.7	8.99999	15.4478	0.819545
3	13.8	8.99999	15.4478	0.819545
3	13.9	8.99999	15.4478	0.819545
3	14	8.99999	15.4478	0.819545
3	14.1	8.99999	15.4478	0.819545
3	14.2	8.99999	15.4479	0.819545
3	14.3	8.99999	15.4479	0.819545
3	14.4	8.99999	15.4479	0.819545
3	14.5	9	15.4479	0.819545
3	14.6	9	15.4479	0.819545
3	14.7	9	15.4479	0.819545
3	14.8	9	15.4479	0.819545
3	14.9	9	15.4479	0.819545
3	15	9	15.4479	0.819545

5	0	0	0	0
5	0.1	2.37906	0.200774	0.0779901
5	0.2	4.53173	0.751936	0.148558
5	0.3	6.47954	1.58498	0.212411
5	0.4	8.242	2.64126	0.270188
5	0.5	9.83673	3.87076	0.322466
5	0.6	11.2797	5.23093	0.369769
5	0.7	12.5854	6.68577	0.412571
5	0.8	13.7668	8.20495	0.4513
5	0.9	14.8358	9.76304	0.486343
5	1	15.803	11.3389	0.518052
5	1.1	16.6782	12.915	0.546743
5	1.2	17.4701	14.4771	0.572703
5	1.3	18.1867	16.0135	0.596193
5	1.4	18.8351	17.5149	0.617448
5	1.5	19.4217	18.9742	0.63668
5	1.6	19.9526	20.3858	0.654082
5	1.7	20.4329	21.7454	0.669828
5	1.8	20.8675	23.0503	0.684076
5	1.9	21.2608	24.2985	0.696967
5	2	21.6166	25.489	0.708632
5	2.1	21.9386	26.6214	0.719187
5	2.2	22.2299	27.6961	0.728737
5	2.3	22.4935	28.7138	0.737379
5	2.4	22.7321	29.6756	0.745198
5	2.5	22.9479	30.5829	0.752273
5	2.6	23.1432	31.4374	0.758675
5	2.7	23.3199	32.2409	0.764468
5	2.8	23.4797	32.9953	0.769709
5	2.9	23.6244	33.7028	0.774452
5	3	23.7553	34.3655	0.778743
5	3.1	23.8738	34.9854	0.782626
5	3.2	23.9809	35.5647	0.786139
5	3.3	24.0779	36.1055	0.789318
5	3.4	24.1657	36.61	0.792195
5	3.5	24.2451	37.08	0.794798
5	3.6	24.3169	37.5177	0.797153
5	3.7	24.3819	37.9249	0.799284
5	3.8	24.4407	38.3034	0.801212
5	3.9	24.494	38.655	0.802956
5	4	24.5421	38.9814	0.804535
5	4.1	24.5857	39.2843	0.805964
5	4.2	24.6251	39.5651	0.807256
5	4.3	24.6608	39.8253	0.808426
5	4.4	24.6931	40.0662	0.809484
5	4.5	24.7223	40.2893	0.810441
5	4.6	24.7487	40.4957	0.811308
5	4.7	24.7726	40.6865	0.812092
5	4.8	24.7943	40.8629	0.812801
5	4.9	24.8138	41.0259	0.813443
5	5	24.8316	41.1764	0.814024
5	5.1	24.8476	41.3153	0.814549
5	5.2	24.8621	41.4435	0.815025
5	5.3	24.8752	41.5617	0.815455
5	5.4	24.8871	41.6708	0.815844
5	5.5	24.8978	41.7713	0.816196
5	5.6	24.9076	41.8639	0.816515
5	5.7	24.9164	41.9492	0.816804
5	5.8	24.9243	42.0277	0.817064
5	5.9	24.9315	42.1	0.817301
5	6	24.938	42.1666	0.817514
5	6.1	24.9439	42.2278	0.817708
5	6.2	24.9493	42.2842	0.817882
5	6.3	24.9541	42.3359	0.818041
5	6.4	24.9585	42.3836	0.818184
5	6.5	24.9624	42.4273	0.818314
5	6.6	24.966	42.4675	0.818431
5	6.7	24.9692	42.5045	0.818537
5	6.8	24.9722	42.5384	0.818633
5	6.9	24.9748	42.5695	0.81872
5	7	24.9772	42.5981	0.818798
5	7.1	24.9794	42.6244	0.81887
5	7.2	24.9813	42.6485	0.818934
5	7.3	24.9831	42.6706	0.818992
5	7.4	24.9847	42.6908	0.819045
5	7.5	24.9862	42.7094	0.819092
5	7.6	24.9875	42.7265	0.819136
5	7.7	24.9887	42.7421	0.819175
5	7.8	24.9898	42.7564	0.81921
5	7.9	24.9907	42.7696	0.819242
5	8	24.9916	42.7816	0.819271
5	8.1	24.9924	42.7926	0.819297
5	8.2	24.9931	42.8027	0.819321
5	8.3	24.9938	42.812	0.819342
5	8.4	24.9944	42.8204	0.819361
5	8.5	24.9949	42.8282	0.819379
5	8.6	24.9954	42.8353	0.819395
5	8.7	24.9958	42.8418	0.819409
5	8.8	24.9962	42.8478	0.819422
5	8.9	24.9966	42.8532	0.819434
5	9	24.9969	42.8582	0.819445
5	9.1	24.9972	42.8628	0.819454
5	9.2	24.9975	42.8669	0.819463
5	9.3	24.9977	42.8707	0.819471
5	9.4	24.9979	42.8742	0.819478
5	9.5	24.9981	42.8774	0.819484
5	9.6	24.9983	42.8803	0.81949
5	9.7	24.9985	42.883	0.819495
5	9.8	24.9986	42.8855	0.8195
5	9.9	24.9987	42.8877	0.819505
5	10	24.9989	42.8897	0.819508
5	10.1	24.999	42.8916	0.819512
5	10.2	24.9991	42.8933	0.819515
5	10.3	24.9992	42.8948	0.819518
5	10.4	24.9992	42.8963	0.819521
5	10.5	24.9993	42.8976	0.819523
5	10.6	24.9994	42.8988	0.819525
5	10.7	24.9994	42.8998	0.819527
5	10.8	24.9995	42.9008	0.819529
5	10.9	24.9995	42.9017	0.819531
5	11	24.9996	42.9026	0.819532
5	11.1	24.9996	42.9033	0.819533
5	11.2	24.9997	42.904	0.819534
5	11.3	24.9997	42.9046	0.819535
5	11.4	24.9997	42.9052	0.819536
5	11.5	24.9997	42.9057	0.819537
5	11.6	24.9998	42.9062	0.819538
5	11.7	24.9998	42.9066	0.819539
5	11.8	24.9998	42.907	0.819539
5	11.9	24.9998	42.9074	0.81954
5	12	24.9998	42.9077	0.819541
5	12.1	24.9999	42.908	0.819541
5	12.2	24.9999	42.9083	0.819541
5	12.3	24.9999	42.9086	0.819542
5	12.4	24.9999	42.9088	0.819542
5	12.5	24.9999	42.909	0.819543
5	12.6	24.9999	42.9092	0.819543
5	12.7	24.9999	42.9094	0.819543
5	12.8	24.9999	42.9095	0.819543
5	12.9	24.9999	42.9097	0.819544
5	13	24.9999	42.9098	0.819544
5	13.1	24.9999	42.9099	0.819544
5	13.2	25	42.91	0.819544
5	13.3	25	42.9101	0.819544
5	13.4	25	42.9102	0.819544
5	13.5	25	42.9103	0.819544
5	13.6	25	42.9104	0.819545
5	13.7	25	42.9104	0.819545
5	13.8	25	42.9105	0.819545
5	13.9	25	42.9106	0.819545
5	14	25	42.9106	0.819545
5	14.1	25	42.9107	0.819545
5	14.2	25	42.9107	0.819545
5	14.3	25	42.9108	0.819545
5	14.4	25	42.9108	0.819545
5	14.5	25	42.9108	0.819545
5	14.6	25	42.9109	0.819545
5	14.7	25	42.9109	0.819545
5	14.8	25	42.9109	0.819545
5	14.9	25	42.9109	0.819545
5	15	25	42.9109	0.819545

